Y: 3.310540401631e+02
S: 1.008627659023e+03
D: 9.839241405267e+00
