Y: 3.300081866062e+02
S: 1.002045267652e+03
D: 9.971993472853e+00
